12.000000
-463.000000
185.000000
-512.000000
178.000000
-511.000000
176.000000
-493.000000
176.000000
-492.000000
182.000000
-480.000000
182.000000
-482.000000
196.000000
-478.000000
220.000000
-466.000000
250.000000
-448.000000
274.000000
-420.000000
303.000000
-397.000000
324.000000
-365.000000
334.000000
-336.000000
339.000000
-335.000000
341.000000
-332.000000
344.000000
-328.000000
342.000000
-326.000000
342.000000
-323.000000
347.000000
-314.000000
356.000000
-299.000000
362.000000
-283.000000
369.000000
-257.000000
374.000000
-236.000000
374.000000
-205.000000
368.000000
-187.000000
372.000000
-184.000000
374.000000
-177.000000
370.000000
-185.000000
372.000000
-181.000000
370.000000
-172.000000
362.000000
-148.000000
356.000000
-119.000000
343.000000
-90.000000
331.000000
-63.000000
312.000000
-39.000000
297.000000
-23.000000
287.000000
-13.000000
278.000000
-7.000000
278.000000
-6.000000
270.000000
-2.000000
260.000000
15.000000
232.000000
23.000000
200.000000
41.000000
174.000000
52.000000
150.000000
58.000000
126.000000
64.000000
111.000000
68.000000
101.000000
71.000000
95.000000
68.000000
94.000000
66.000000
90.000000
65.000000
73.000000
60.000000
46.000000
57.000000
17.000000
57.000000
-18.000000
43.000000
-48.000000
34.000000
-76.000000
26.000000
-86.000000
22.000000
-92.000000
22.000000
-85.000000
30.000000
-80.000000
35.000000
-79.000000
37.000000
-81.000000
35.000000
-97.000000
20.000000
-110.000000
6.000000
-131.000000
-13.000000
-145.000000
-29.000000
-160.000000
-48.000000
-173.000000
-63.000000
-179.000000
-70.000000
-190.000000
-79.000000
-195.000000
-92.000000
-201.000000
-92.000000
-198.000000
-92.000000
-193.000000
-93.000000
-193.000000
-86.000000
-190.000000
-82.000000
-193.000000
-86.000000
-200.000000
-102.000000
-211.000000
-135.000000
-212.000000
-161.000000
-212.000000
-180.000000
-213.000000
-197.000000
-213.000000
-218.000000
-214.000000
-237.000000
-213.000000
-252.000000
-213.000000
-267.000000
-210.000000
-268.000000
-203.000000
-270.000000
-207.000000
-276.000000
-198.000000
-286.000000
-201.000000
-293.000000
-186.000000
-319.000000
-175.000000
-344.000000
-161.000000
-360.000000
-142.000000
-381.000000
-128.000000
-393.000000
-115.000000
-401.000000
-108.000000
-404.000000
-105.000000
-402.000000
-107.000000
-408.000000
-107.000000
-405.000000
-100.000000
-413.000000
-70.000000
-437.000000
-49.000000
-443.000000
-25.000000
-455.000000
-4.000000
-463.000000
9.000000
-462.000000
16.000000
-466.000000
20.000000
-471.000000
18.000000
-468.000000
26.000000
-468.000000
46.000000
-476.000000
79.000000
-477.000000
114.000000
-475.000000
147.000000
-471.000000
177.000000
-461.000000
187.000000
-455.000000
194.000000
-454.000000
196.000000
-451.000000
194.000000
-458.000000
217.000000
-452.000000
237.000000
-437.000000
257.000000
-429.000000
276.000000
-415.000000
291.000000
-401.000000
315.000000
-378.000000
321.000000
-357.000000
329.000000
-339.000000
343.000000
-328.000000
345.000000
-321.000000
344.000000
-318.000000
351.000000
-301.000000
362.000000
-279.000000
366.000000
-253.000000
369.000000
-229.000000
369.000000
-214.000000
368.000000
-193.000000
366.000000
-176.000000
362.000000
-153.000000
353.000000
-139.000000
358.000000
-134.000000
355.000000
-128.000000
348.000000
-123.000000
346.000000
-115.000000
332.000000
-85.000000
323.000000
-68.000000
311.000000
-50.000000
296.000000
-29.000000
282.000000
-9.000000
262.000000
9.000000
246.000000
21.000000
233.000000
26.000000
232.000000
30.000000
219.000000
33.000000
194.000000
47.000000
166.000000
59.000000
134.000000
64.000000
106.000000
73.000000
82.000000
73.000000
59.000000
73.000000
30.000000
79.000000
20.000000
72.000000
13.000000
72.000000
2.000000
69.000000
-28.000000
60.000000
-53.000000
48.000000
-75.000000
31.000000
-97.000000
23.000000
-105.000000
15.000000
-110.000000
7.000000
-123.000000
-8.000000
-147.000000
-25.000000
-170.000000
-59.000000
-192.000000
-92.000000
-197.000000
-112.000000
-206.000000
-136.000000
-213.000000
-154.000000
-215.000000
-164.000000
-213.000000
-173.000000
-216.000000
-177.000000
-213.000000
-194.000000
-211.000000
-233.000000
-209.000000
-265.000000
-203.000000
-289.000000
-194.000000
-308.000000
-191.000000
-324.000000
-186.000000
-327.000000
-182.000000
-334.000000
-177.000000
-348.000000
-153.000000
-370.000000
-125.000000
-399.000000
-103.000000
-416.000000
-82.000000
-430.000000
-64.000000
-438.000000
-49.000000
-445.000000
-44.000000
-449.000000
-31.000000
-451.000000
4.000000
-465.000000
54.000000
-474.000000
91.000000
-480.000000
120.000000
-476.000000
126.000000
-467.000000
141.000000
-474.000000
151.000000
-468.000000
169.000000
-464.000000
203.000000
-451.000000
236.000000
-437.000000
271.000000
-415.000000
289.000000
-389.000000
294.000000
-376.000000
306.000000
-375.000000
308.000000
-369.000000
320.000000
-350.000000
337.000000
-322.000000
350.000000
-288.000000
364.000000
-252.000000
366.000000
-214.000000
366.000000
-188.000000
364.000000
-173.000000
357.000000
-167.000000
362.000000
-147.000000
352.000000
-112.000000
335.000000
-89.000000
320.000000
-58.000000
300.000000
-34.000000
285.000000
-13.000000
277.000000
-9.000000
264.000000
10.000000
229.000000
22.000000
198.000000
45.000000
162.000000
60.000000
131.000000
67.000000
115.000000
72.000000
102.000000
71.000000
74.000000
65.000000
38.000000
69.000000
-6.000000
55.000000
-33.000000
50.000000
-75.000000
35.000000
-103.000000
18.000000
-123.000000
11.000000
-140.000000
-6.000000
-162.000000
-25.000000
-182.000000
-64.000000
-204.000000
-96.000000
-213.000000
-118.000000
-217.000000
-137.000000
-226.000000
-156.000000
-230.000000
-176.000000
-229.000000
-218.000000
-219.000000
-253.000000
-206.000000
-290.000000
-191.000000
-321.000000
-183.000000
-341.000000
