-140.000000
-154.000000
-135.000000
-151.000000
-134.000000
-151.000000
-128.000000
-149.000000
-104.000000
-140.000000
-73.000000
-140.000000
-22.000000
-146.000000
22.000000
-152.000000
53.000000
-164.000000
59.000000
-166.000000
65.000000
-164.000000
63.000000
-167.000000
72.000000
-173.000000
90.000000
-193.000000
115.000000
-217.000000
149.000000
-235.000000
167.000000
-265.000000
184.000000
-296.000000
186.000000
-298.000000
186.000000
-304.000000
193.000000
-313.000000
199.000000
-329.000000
210.000000
-357.000000
217.000000
-387.000000
220.000000
-407.000000
223.000000
-426.000000
219.000000
-441.000000
218.000000
-457.000000
220.000000
-469.000000
222.000000
-477.000000
218.000000
-469.000000
219.000000
-470.000000
221.000000
-465.000000
226.000000
-466.000000
221.000000
-472.000000
216.000000
-488.000000
210.000000
-514.000000
205.000000
-536.000000
192.000000
-557.000000
186.000000
-577.000000
175.000000
-592.000000
164.000000
-612.000000
145.000000
-633.000000
128.000000
-643.000000
118.000000
-656.000000
117.000000
-660.000000
118.000000
-654.000000
114.000000
-650.000000
114.000000
-648.000000
109.000000
-657.000000
93.000000
-666.000000
61.000000
-685.000000
31.000000
-698.000000
-1.000000
-702.000000
-30.000000
-707.000000
-56.000000
-705.000000
-69.000000
-708.000000
-72.000000
-709.000000
-72.000000
-709.000000
-73.000000
-709.000000
-72.000000
-710.000000
-90.000000
-705.000000
-118.000000
-699.000000
-137.000000
-692.000000
-167.000000
-676.000000
-196.000000
-663.000000
-213.000000
-649.000000
-216.000000
-640.000000
-210.000000
-640.000000
-208.000000
-640.000000
-204.000000
-637.000000
-209.000000
-632.000000
-223.000000
-622.000000
-253.000000
-599.000000
-269.000000
-576.000000
-284.000000
-554.000000
-300.000000
-529.000000
-308.000000
-503.000000
-310.000000
-489.000000
-310.000000
-483.000000
-312.000000
-480.000000
-314.000000
-475.000000
-311.000000
-476.000000
-311.000000
-455.000000
-315.000000
-416.000000
-312.000000
-381.000000
-306.000000
-353.000000
-298.000000
-329.000000
-290.000000
-307.000000
-280.000000
-286.000000
-274.000000
-280.000000
-276.000000
-285.000000
-280.000000
-280.000000
-276.000000
-277.000000
-268.000000
-263.000000
-252.000000
-239.000000
-227.000000
-216.000000
-199.000000
-195.000000
-174.000000
-181.000000
-148.000000
-170.000000
-119.000000
-160.000000
-111.000000
-159.000000
-103.000000
-149.000000
-100.000000
-152.000000
-99.000000
-152.000000
-83.000000
-147.000000
-55.000000
-145.000000
-29.000000
-145.000000
5.000000
-147.000000
30.000000
-159.000000
55.000000
-163.000000
69.000000
-173.000000
77.000000
-178.000000
83.000000
-178.000000
92.000000
-180.000000
102.000000
-188.000000
116.000000
-209.000000
139.000000
-229.000000
160.000000
-251.000000
177.000000
-272.000000
187.000000
-290.000000
194.000000
-311.000000
197.000000
-313.000000
201.000000
-321.000000
